image: map0.pgm
resolution: 0.062500
origin: [-49.587768783733964,-49.35256843428573, 0.000000]
negate: 0
occupied_thresh: 0.45
free_thresh: 0.196